30641.60520069366
2188.739752403097
47.26343472831598
464316.15742539585
113.31351626934679
9.89860337568161
33.922352132445496
13.420642769929403
1309.7311564904392
11.71915530665305
32.82941429308574
14.509109691374878
521.43978394434
40.6565843600742
5.624830295467834
1769.7751928155142
259.5174912231515
319.4325818738071
687.4315898589736
225.69750574044448
578.6617224002354
261.87145367521805
19.15484168316131
11.702583673972716
29.96549568730224
132.62598224387332
10.041730768471467
20.208896984913952
14.458686923837714
1104.6678138639074
10.923843515754923
12.253544482255545
79.65087014337995
10.046921648414559
9.73687828182343
8.431968552315048
22.19132618718103
363.4442803392146
14.750719591864112
409.857883617013
11.065693878502453
82.52675896100683
50.75815136396958
434.89070739498885
39.29586595842558
9.836775436150441
311.56935388669234
93.3010679965127
181.70648523658065
62.52828712381494
11.061461647124316
34.76160658647909
69.31446423901984
1991.448565905725
91.86061598960893
87.7780959817976
9921.741446252992
8910.62523237264
1897.6283831473738
132.5606200189378
632.7527225080577
76.79390998123705
60.79658649178198
27.118148964710503
52.47818842650888
289.49204659134494
175.1831092328755
35.855800763012645
34.17638340147839
13844.059751929215
12.23621576342438
13.620818491875152
10.675882571011208
301.6451162138152
8.175736208698199
468.5406632975442
499.9519160368148
79.47406707665165
21.998998966648706
8.45263088620118
61.00248589719191
235.5423922655077
6.414449142910686
68.31635254803258
78.99708400849867
63.77164717081111
3607.82322409309
19470.319590061776
1848.7912349102587
2101.4013652970766
2087.33645678942
24.148241282035457
90.04813750088428
27.276638775924827
43.18890724465566
9.505618914688583
72.75051950462152
146.1223349251403
93.36626790292667
38.48667410280486
33855.52368719123
335730.0789036357
25.050539272073017
25.318601446573325
489.1977523605522
426.69928076901755
235.11228932776166
35.24353230166941
37.5754328924611
8.801350659944601
1604.8441920989355
50.986622785667485
72.63482737846755
55.89016850908974
28.45601660045115
1006.7378381147078
3.988814737530058
29.178739295536385
575.8915021103993
101.24275169968392
115.08165563639494
419.83193763069403
64.58115490714172
1532.0186276922836
528.924702596964
7191.767775518693
5671.559782110703
226.4255613958636
14.313530747593664
26.54253483316105
12.838189454861629
115.13743153764904
4.668822771292417
1935.3485994711095
7.362504109584574
54.746938593198614
5.29443193576418
31.91542945024984
4.207520188744944
23.26874442459626
222.3610326857507
18.157583785320185
345.53501209841926
14.89136375982403
41.78697861834594
12.415597908781235
12.26619345930685
45.80855892683477
2890.4394336305536
7.9590853018174155
23.72256425652083
37.5643903829596
152.6818934752836
54.885057359361205
85.35701131687522
17.204891978551593
894.5935292228215
9.915420034853472
20.286607914155283
317.51253847798716
38.51061639762211
5668.797474021209
428.41087964775903
19.219446769359298
107.9666472964441
78.53935783320615
18.801197645606724
70.69423039786719
11.992153181819953
296.57464743624195
24.21183706413904
48.03035403555568
560.3858522804695
48.72024784826265
770.9962001735449
31.52853961839609
30.36408193041524
1454.8229339952245
21.13937492246694
1727.889778379863
22.103710809942715
254.58548989771492
9.744909094497494
146.16282109434428
144.44935898942924
58.20639708855443
3848.0643606166213
5.776577909631994
241.51277038218703
664.0507590394835
1248.3666044471001
11.272304664293097
24.994639949441556
45.15288060262402
883.4692373299287
51.109921599631235
152.89675155667624
22.759575621269995
379.632770018862
87.07369408238856
22.7703972374956
24.573993808912004
68.65332067331984
122.06708771313181
9.183683629719546
522.9063595881548
82.82093969802771
56.737992617983416
50.968820333530616
11.982876993769837
130.5114990752991
5839.580128447465
323.4131370661926
7.59091819350481
266.5354405844457
66.28371803167305
17.855475347225664
13.39615000137315
4.4720376969631195
376.75209558276885
63.57353424438241
7.863940784691387
703.7055726440332
1384.481481003408
57.874959550859884
509.1191610884006
115.24909732276149
75.79211151360116
84630.44866764167
95.22819788288594
1142.2696724664256
293.7567700565292
36.242541343303266
61.19675558801755
11.379793797090679
37.963778138506974
49.697978412600605
67.16129806032528
47.031611705333475
8.935822364554115
376.5471615136066
2115.1194618455506
143.07400441896064
74.25740866820709
4546.923835868947
26861.495450501883
4.462294641803458
15.8982696282531
313.25613227154184
4.543786583150239
1569.2598136677175
18680.89934634997
37.44260309501472
19.977733998987535
45.13415025954742
26.301987344253877
3.075450501888975
58.185713436400555
277.1744634985318
15.982972490275484
772.4229603688616
9.135843597610931
40.867721548633575
19.92885947705979
12.84038353816272
589.6490381219718
68.92752217101436
5.036204732552506
70.28060613366392
30.531792455033692
213.62473642637775
11.038809804731814
318.5578452737882
38.52762810158304
68.9685377772417
24.186525096727433
303.8686522552127
11.48269612715006
185.71212272597123
12.751796753556576
839.9596397110976
682.8628042131014
3213.7113718239616
530.6358856217369
58.520252168298114
345.43030578112547
9.445964436887825
19.433519579909596
20.139380595752314
144.89270006525211
89781.07391596233
81.73586397831116
17.09437752546183
35.42082186714287
41.1311301527921
7.03095614195328
472.35433070836484
3.8330802574541676
16.746140374624602
167.8178256054384
213.42171082019664
74.55438200156445
135.49022498518664
18.99420039361718
5.865760546813973
19.997802802446586
205.94036083423282
26.580212983807243
119.68759705359876
24.14289950102425
117.3472013811694
86.60222128411712
164.35530876825206
99.13160552710674
9.267592817218052
176.31025981711804
3.6209697159855954
525.3611868415638
31.98106181124193
16.763089470162686
35.50309912453973
20514.792994896627
41.43726489213489
1679.4936062707866
6.875802136323655
40.963062575249
100.98327002391628
548.1394981810416
16.49312400904255
1950.5974311262878
14.375026129958279
9.317401559659848
443.906081122421
6.231652522895226
35.10909942809213
2241.804488555208
311.2595196704916
121.48295185383233
506.688952581873
28.89272009912704
2451.7106212901062
74.10007126180969
9.80677156751759
189.94992650992347
37.0873312419387
688.9881415653916
988.0606084793719
5.706580065102324
29.224002688519505
316.46664786493045
46.4630689543965
437.2708753748115
83.46272395736683
316.49039912067695
4820.998666515145
347401.1169346518
54.73941358520363
8.206855440315483
56.913123397885926
257.425098271037
435.198713281226
85.5442724249788
6.945809176287068
44439.012019366455
84.9426019520487
218.2435826154108
12.382562250715353
4.036295581754573
8.278311052890192
73.87222780869436
34.85748123953912
43.02810622865865
39.30026242888246
1418.3056561502783
13.09618142424534
24.376006541693357
5531.454628544134
11.009391477086508
244.17499297088528
141.3510974351307
1334.353442581166
583.989463286803
3212.379028619681
147.37144686836027
66.71438243602377
27.04102326845618
14.479546470098459
491.62022294304455
23.769583705433487
51.87753972154439
96.36830762277425
35.491132966314815
13393.27500687558
820.1725459750755
25.830036631667248
6.33702019814719
1256.3345092842526
300.01717824059835
41.96490834088181
2794.029612056779
11.235642289336464
21.12800136294012
9.191735520221329
2.6202892057397897
111.43075113592936
84.55351447122666
17.368725007179062
203.2167617507101
3.6041803965348285
6441.475275664926
216.3141708259457
5289.70341585947
46.67673367987299
1069.9683584582156
177.1055422275928
5.206874602635631
695.9154403167543
12.841817252682144
5.6686925439471345
165.74883807340225
36.523450793525015
26.155116368021684
110.26148996384126
142.68897435078998
985.4823955155681
8.134343035802221
8.067348961907522
102.63571520306525
27.615815930376378
17.651598302436643
141.8805592689592
90.75324116427352
8.018437373610446
16.080726748573564
41.61087613367835
8.156625453966091
21.152354892627002
50.19578616472135
8.75070907319173
1550.2801180213014
59.79127838262789
49.446303832567274
144.2928793101599
16.986680778047024
978.4690933579013
392.6046653732114
29.32564973686739
75.77507885260817
10.48416304865544
20.219760104988843
124.98248356759362
18.006522736822184
3.0504770477482803
15.087065171593549
10.01085092959491
14.974999904342951
193.23448810438242
68.00203210302018
23.972814790733853
34.14030733776883
412.8529043613147
19.848370379480677
39.64587300436164
9.539007040278072
13610.057455555618
122.25144011662307
119039.69907295368
165.16185917612106
41.347508132044666
77.24180604672478
54.396285792246275
31.777133686751778
11.147197589723216
89.0399566100486
157.33853420383846
57.75295019004122
24.183207861423174
7.325839799977243
19.037103607853926
100.77318921876193
52.61628434973437
631.1911551377631
87.4265103526956
172.1731632200833
70.72838112692102
259.695487499513
16.854648103745525
47.237119124304684
111.61914328330052
679.0291537159939
378.8457703926254
347.7999279775094
20.58209473858563
230.91548956615293
14.46139189002415
61.5032579134669
22.66191084440604
18.289610646744837
147.12026347635472
14.522408250376172
10.155720656477076
2.6849782374634663
37.62616631155454
54.568565779080906
354.1961413176814
2.9927168438317566
23.084675245855944
144.38439114652434
49.0517890288806
73.4123186180357
62450.179196495636
541.5517256039868
100.52243448083443
69.40739194580395
1696.159601205256
100.691826339134
68.19393415110184
3987.9945915954863
10.850743945656111
9.56426794355754
10.246673468138855
21.03828125061392
64.38343357978094
91.34094385841357
43.88869645556102
99.92247625209299
60.42002935332846
66.47124801990664
18.530491378494826
15.075199601684309
458.5348129419599
26.59795920706168
964.9658801932976
25.623151799126248
809.0870778525042
258.30637113952264
3.8185500526471454
61.09159009343741
10.403992983594996
15.041844059585074
11.82658683087967
31.74383483104595
100.341573605037
49.81558869469223
16.76129845636877
184.5122493770388
8.034673803114982
345.56877650289766
123.4848307728264
30.983124410845846
2515.5844850171757
120.58754589295795
20.389482374350166
11.150095482086895
25.04561168444723
30.574366663662175
11.644796090379913
39.73232502316649
32276.633655995673
1478.6958129415452
67.2203841967298
99.57123815915733
4.9241396150681265
4.627604725253325
30.143560396573186
11.872367954056456
2734.8869814638965
22.377237844854932
963.5939258549884
103.03799888438024
20.888809208992335
41.33058454540079
28.55078209180894
21.206948273787116
37.48261685153944
2080.5608778205597
41.692284021277416
27.536217605994846
9.403301988160052
64.07973512121487
5579.9877992946085
192.43261688468112
51.503760333674585
1175.3499955994673
6.196156679935136
103.98780481915037
84.14482146350792
48.84057953936964
681.2966952456886
54.86508700940159
12.277055465804645
4294.587770114612
63.075791490973714
40.133981734836524
145.3481971281415
12.682860316395255
6.965979247358309
7.440553081352285
99.19472532434993
14282.633041517425
1970.686831045468
62.247860307667054
9.69823946597432
85.19003231302052
160.25703723300288
62.84656163553038
66487.6351552693
14.15322886024228
1102.2287411693828
1.3343432628405044e7
8.524060281441875
8.32431448685169
1768.715935583307
38617.737234618246
15.495834217459318
186.9356355436181
577.9331722977503
15.279235093162978
9605.438934905958
24.556696120585176
20930.041107369892
27.94006723132033
15.20224607627749
6.248289107158526
619.192074088429
15.808181151202792
69.03971065929055
29.797892166295615
21.327432728499502
14.25872599353442
1934.9320020595096
36.258968627687764
269.29512532092144
636.3978339255884
62.114603878654364
804.1264604793272
516.8495126636086
134.20347430877382
765.6015602652867
1919.5289647740703
127.04142694869543
22.955396458824147
54.65912117802941
503.7412099216136
183.2431439204224
15.5229442531955
9.349459099819912
18.20194014631494
4297.726341784648
47.18617879291658
17.372792219946113
369.36661419708713
102.7706201519515
26.08712003045555
1671.3533984120213
477.9915063519812
20.08199879553255
30.110891602065333
12308.218641109252
111.83265319308612
25.882812129199397
220676.85484161312
292.88332126295177
1699.2790540763995
7.852742588337128
27.398532456456895
101.4053449140844
300.5725323730993
6553.980383358542
221.68864573124574
169.66681172203812
158.79905363998395
369.6947394672405
158.04420032672365
36.67654331977258
115.96034019641024
76.5332740743554
76.71535988954557
116.87705715963993
13.615868094359296
43.9813032076153
831.6304297155688
65.30367241522187
26.79103060016418
14.070664392756695
75.112554598411
9.994821087158257
174.9853482391399
1005.9928486233414
19.545203449170394
269.17370422385864
480.3494999787645
2039.9315299435993
13.453163343269717
69.5568654009834
3505.0203270851594
26.80120726572804
12.384417997209592
11.393109593247479
54.183406133177165
8.814767806548621
1490.8713869678231
48.92387733091841
5.144076508189976
4.7960210662581995
394.0508430592511
23.96784815428759
1136.535746143466
226.30117489538932
6.855867409216801
3785.223648133221
3.294632299994527
39.58139057893996
26.026063575239654
20.687616525485144
230.38250800197164
9.7739311203627
84.83580272005301
5.208701261197788
20.06011295678635
32976.73870873798
733.4764566186494
156.16626983672458
29.1067789131535
660.8540924371804
191.4095166461936
7.038106873992825
124.6914522443088
107.45750190461908
175.49295712561502
202.07049737799935
7.4332456198724355
212.00833103308378
17.207404939673637
47.31612882703143
89.25527709162719
7.253472497838782
1185.7099291422019
128.76904744780316
214.28852674010503
25.334333819577886
2710.0983929351787
3917.708140184466
948.6905786678279
38.15046838002302
88.09779016617
709.6736653493349
37.45288228212376
56.90857574001574
23.7492156938711
14.725923321959762
58.329076502583575
14.264208014942696
210.66601772885818
235.90557130702845
399507.59307460603
12.34465198402239
12.695694428269096
1060.788613537298
2281.089264146635
31.195695407166465
36.657556705426956
1830.3863308458128
18.018800454068536
4.835689425374203
7.653408442895846
440.0182238192631
8.355247820148014
161.19736948446646
53.1832321452195
5.651169111822178
75.97867046877572
9.352598497377782
131.1793399423866
6.483598711571722
37.48601384204852
10.989976055480016
505.8769292557212
35.73998668781795
12823.445183345117
2670.600862726973
5.591673636890349
353.0723261797876
32.19479979019179
141.91185872390852
639.6076364716683
25.6084771531272
10.570307917085287
7.92277308332551
944.7440391315347
4885.449498384828
5.813903674980829
5.79782629463978
31.037137132768187
33.90599151988034
8.954105759528984
34.953152205665496
1337.9184311452705
1456.8325968654078
271.8582781638744
772.3412137124584
831.9273825098512
7.904776365519365
112.7160871456116
435.6038684295968
42.22567796140397
35.68104315969598
14.967497751850726
262.0381147792171
176.86281552495612
63.37772309147414
40.739995315935985
47.801202131822095
1330.6917598548491
1012.4367382975779
10.941986230707402
8.875782776266039
139.0092408099455
280.24812922954453
9.988591100193977
224.33999246996993
5313.131952939684
16.167109959140586
87.51558880389155
9.912688084446403
237.10015886045244
41.103651464759615
252.78928078362765
75.95822564005509
15.524737998151105
31.426935059616852
11.488734207962034
117.47323383074719
42.219915594286775
11.277641004641234
15.459590001812554
34.920375375006394
455.9166783963678
35.25580073041585
18.414746706255308
109.12074404865172
136527.40635510412
507.83811465509365
437.1182234602938
14.053928842228293
119.43094300097839
47.411155897791325
6754.429004097577
100.75517479170536
107.20806466007357
13.008009346257772
13.547532532120602
31.93602943638131
275.1084754280912
1034.3638308910936
588.5840986047757
3.3786648457713597e6
60.8259358987815
494799.8320167115
23.79774672415193
26.77746779352115
73.14752931399403
15.802234558727847
65.96737065664753
135.29320431489728
126.81571597342243
67.97146753800068
106.13404235437031
18.08682494172495
30.93720855883811
93.75115389031885
8.492399831113206
8.334311962173215
346.9998407891748
641.3169161625776
7.33083022430221
12.887178090961264
22.543367806291588
127.2233418595862
48.671673274865256
803.7502777684737
49.16715115729584
22.00661313356267
74.43599532720579
75.7951470563461
24.992098321381764
18.71008628755317
41.74664481084148
10.74677986002485
183.86228918915558
287.01950534125467
23.9917616129682
10.240141940622188
234.84596065171934
25.030351276985016
313.6057169601075
78.47074217705499
131.1653213036782
25.46129388348199
316175.02589160803
12250.56814756592
14.178362703964277
48.06066331165408
12.815994399346682
15.087701059471222
350.35914610721727
60.203590940350516
2.2325306234740605
194.1134029609972
76.80078359675338
8.26444187132461
30.509488208458414
270.22052319666915
37.977292669002956
17.189435749637827
15688.16852355492
1250.1047728657015
5.806496507505703
31.315535165033726
14.591029000503832
14.940606166811047
233.15888368390847
3791.72865374401
46.61985680647561
455.4763293661856
33.57907238643474
11.49990108743281
58.798043056836285
20.155668701863988
43.09181872138169
1144.6451883206873
4.858399318607567
5.704062978287226
2276.2028201921653
1320.1962875093704
16.521030950185903
28.04014535416169
73.87133776801934
19.46295422022128
64.10531708280215
25.958784086656177
67.08505673548309
68.58253106989804
24.274348037348254
70.0539497211539
784.9860999559012
44.005276455224674
56.91587278544998
14.027183496118864
37.50692237388325
335.2222055359344
60763.15571012337
516.5301070645917
176.1426761205111
75.45107860781077
8.387153944067192
336.8649429917133
5551.506947795847
387.8895328841716
16.93029252575718
28.192923405981354
2.9647350701536896
197.03414979147314
114.70901922429594
339.2523443660084
364.48097743158024
75983.96760394207
358.3079458757718
29.63881148158239
1278.2971914922662
329.1202679491256
15.779139827792443
36.56541353724201
6.09213163328995
611.46570658315
154.46044432568604
181.5777536292966
15.276308863484934
917.4799086322411
465.2731178253729
39.447827399939044
2659.9787494625857
426.721266199964
801.6321659981389
14.97227387959834
351.2700515125915
10.001576057181335
60.845148282477844
27.35977819214365
125.76265132650862
24.87560505808053
65.45096102156812
76.56463505153174
4997.7982074399015
132.46904814216413
26.666018733847448
24.44989911091382
712.2206201614346
43.426154562007575
4169.7992742205315
